name: calibViz
channels:
  - defaults
dependencies:
  - ansi2html=1.9.1=py313haa95532_0
  - blas=1.0=mkl
  - blinker=1.9.0=py313haa95532_0
  - bottleneck=1.4.2=py313h2cb717b_0
  - brotli-python=1.0.9=py313h5da7b33_9
  - brotlicffi=1.0.9.2=py313h5da7b33_1
  - bzip2=1.0.8=h2bbff1b_6
  - ca-certificates=2025.2.25=haa95532_0
  - certifi=2025.7.14=py313haa95532_0
  - cffi=1.17.1=py313h827c3e9_1
  - charset-normalizer=3.3.2=pyhd3eb1b0_0
  - click=8.1.8=py313haa95532_0
  - colorama=0.4.6=py313haa95532_0
  - expat=2.7.1=h8ddb27b_0
  - flask=3.0.3=py313haa95532_0
  - flask-compress=1.17=py313haa95532_0
  - idna=3.7=py313haa95532_0
  - importlib-metadata=8.5.0=py313haa95532_0
  - intel-openmp=2023.1.0=h59b6b97_46320
  - itsdangerous=2.2.0=py313haa95532_0
  - jinja2=3.1.6=py313haa95532_0
  - libffi=3.4.4=hd77b12b_1
  - libmpdec=4.0.0=h827c3e9_0
  - lz4-c=1.9.4=h2bbff1b_1
  - markupsafe=3.0.2=py313h827c3e9_0
  - mkl=2023.1.0=h6b88ed4_46358
  - mkl-service=2.4.0=py313h827c3e9_2
  - mkl_fft=1.3.11=py313h827c3e9_0
  - mkl_random=1.2.8=py313hce38976_0
  - narwhals=1.31.0=py313haa95532_1
  - nest-asyncio=1.6.0=py313haa95532_0
  - numexpr=2.11.0=py313hdb065b2_0
  - numpy=2.3.1=py313ha127e54_0
  - numpy-base=2.3.1=py313haaa8b43_0
  - openssl=3.0.16=h3f729d1_0
  - packaging=24.2=py313haa95532_0
  - pandas=2.2.3=py313h5da7b33_0
  - pip=25.1=pyhc872135_2
  - plotly=6.0.1=py313h4442805_0
  - pycparser=2.21=pyhd3eb1b0_0
  - pysocks=1.7.1=py313haa95532_0
  - python=3.13.5=h286a616_100_cp313
  - python-dateutil=2.9.0post0=py313haa95532_2
  - python-tzdata=2025.2=pyhd3eb1b0_0
  - python_abi=3.13=0_cp313
  - pytz=2025.2=py313haa95532_0
  - requests=2.32.4=py313haa95532_0
  - retrying=1.3.3=pyhd3eb1b0_2
  - setuptools=72.1.0=py313haa95532_0
  - six=1.17.0=py313haa95532_0
  - sqlite=3.50.2=hda9a48d_1
  - tbb=2021.8.0=h59b6b97_0
  - tk=8.6.14=h5e9d12e_1
  - typing_extensions=4.12.2=py313haa95532_0
  - tzdata=2025b=h04d1e81_0
  - ucrt=10.0.22621.0=haa95532_0
  - urllib3=2.5.0=py313haa95532_0
  - vc=14.3=h2df5915_10
  - vc14_runtime=14.44.35208=h4927774_10
  - vs2015_runtime=14.44.35208=ha6b5a95_10
  - werkzeug=3.0.6=py313haa95532_0
  - wheel=0.45.1=py313haa95532_0
  - win_inet_pton=1.1.0=py313haa95532_0
  - xz=5.6.4=h4754444_1
  - zipp=3.21.0=py313haa95532_0
  - zlib=1.2.13=h8cc25b3_1
  - zstandard=0.23.0=py313h4fc1ca9_1
  - zstd=1.5.6=h8880b57_0
  - pip:
      - annotated-types==0.7.0
      - cachelib==0.13.0
      - colorcet==3.1.0
      - dash==3.1.1
      - dash-bootstrap-components==2.0.3
      - dash-extensions==2.0.4
      - dash-leaflet==1.1.3
      - dash-svg==0.0.12
      - databricks==0.2
      - databricks-sql-connector==4.0.5
      - dataclass-wizard==0.35.0
      - dotenv==0.9.9
      - editorconfig==0.17.1
      - et-xmlfile==2.0.0
      - flask-caching==2.3.1
      - geobuf==2.0.0
      - jsbeautifier==1.15.4
      - lz4==4.4.4
      - more-itertools==10.7.0
      - oauthlib==3.3.1
      - openpyxl==3.1.5
      - protobuf==6.31.1
      - pyarrow==21.0.0
      - pydantic==2.11.7
      - pydantic-core==2.33.2
      - python-dotenv==1.1.1
      - pyyaml==6.0.2
      - thrift==0.20.0
      - typing-inspection==0.4.1
prefix: C:\Users\jyen\AppData\Local\miniconda3\envs\calibViz
